5.978733960281816517e-16
4.965068306494546235e-16
7.021666937153402450e-16
1.017536209725520242e-15
2.220446049250313081e-16
2.482534153247273118e-16
6.661338147750939243e-16
2.121078110322338515e-15
1.017536209725520242e-15
9.992007221626408864e-16
1.275549143317628834e-15
1.661629672422089734e-15
9.155133597044474904e-16
3.877842313165342540e-15
6.304854800243424144e-16
7.535012591929472195e-15
4.866020253582432028e-15
7.421074851107613193e-15
5.246065370118193168e-15
9.930136612989092471e-16
2.048842821396121557e-15
1.118863022827952404e-15
8.177303202714500142e-16
1.047382306668854030e-15
2.152802317486081903e-15
5.087681048627601209e-16
9.155133597044474904e-16
1.554312234475219157e-15
9.420554752102649521e-16
1.275549143317628834e-15
6.377745716588144172e-16
8.082545620880530251e-16
4.841339424497384374e-16
6.670367046887758244e-16
7.108895957933346089e-16
7.243088545993919173e-16
1.200889812746016439e-15
