1.510066572755813124e-15
4.440892098500626162e-16
8.082545620880530251e-16
4.577566798522237452e-16
1.874272183692197583e-15
1.421779191586669218e-15
4.440892098500626162e-16
1.857758450483250196e-15
4.502909110176311003e-15
8.739084413524635254e-15
4.813812324017963226e-15
1.029638335002720986e-14
2.171415732283727304e-14
2.119227505579463627e-02
7.194414050860910292e-02
1.406212860072514614e-01
2.144818612985118222e-01
2.530393123478282269e-01
2.934614649531895880e-01
3.360249135809076915e-01
3.810750409646123660e-01
4.091129430175707293e-01
4.385690037203556768e-01
4.406902381570097504e-01
4.421467870430855207e-01
3.819447460084066659e-01
3.191796633022788710e-01
2.251747548334802618e-01
1.301239616496384643e-01
3.901664740658303265e-02
7.133128933837888968e-15
4.984889017266269399e-15
3.755115002343548254e-15
1.195746792056363303e-15
4.845713351197033112e-15
2.013762173371464317e-15
2.132668787380003827e-15
7.447602459741819353e-16
1.489520491948363871e-15
1.676400004429090500e-15
1.195746792056363303e-15
0.000000000000000000e+00
5.438959822042072914e-16
1.421779191586669218e-15
2.220446049250313081e-16
4.577566798522237452e-16
2.220446049250313081e-16
6.497413668604471269e-16
2.220446049250313081e-16
4.996003610813204432e-16
9.391889663583969544e-16
2.775557561562891351e-17
4.310814015642539235e-16
4.934426949698985423e-16
5.412337245047638135e-16
9.742167503148516193e-16
6.286500016609089377e-16
