3.230545510768097484e-01
2.895533527333382096e-01
2.559775566958503723e-01
2.223583778695387703e-01
1.887127654473072513e-01
1.550428030743009611e-01
1.213362390072426633e-01
8.945455527824273945e-02
5.748893772060550966e-02
2.540509558259943651e-02
3.755480156393639234e-14
5.626377636624129077e-15
5.009554625647218047e-15
5.027055038317320433e-15
4.475452091311809617e-15
1.110223024625156540e-16
1.620317160369746785e-15
2.482534153247273118e-16
2.627267196286638353e-15
1.110223024625156540e-16
1.216188388897623526e-15
1.110223024625156540e-16
0.000000000000000000e+00
8.308148362110448669e-16
4.440892098500626162e-16
2.482534153247273118e-16
2.035072419451040484e-15
