5.087681048627601209e-16
2.482534153247273118e-16
6.280369834735100667e-16
1.115760330918745818e-15
2.220446049250313081e-16
1.110223024625156540e-15
8.006007260515222021e-16
2.220446049250313081e-16
4.965068306494546235e-16
4.577566798522237452e-16
6.661338147750939243e-16
6.661338147750939243e-16
4.577566798522237452e-16
4.440892098500626162e-16
7.364386412590295383e-16
3.140184917367550333e-16
4.965068306494546235e-16
2.220446049250313081e-16
6.661338147750939243e-16
3.140184917367550333e-16
3.140184917367550333e-16
2.220446049250313081e-16
4.440892098500626162e-16
4.965068306494546235e-16
8.881784197001252323e-16
3.140184917367550333e-16
3.845925372767127633e-16
4.965068306494546235e-16
3.140184917367550333e-16
9.155133597044474904e-16
2.220446049250313081e-16
2.220446049250313081e-16
5.438959822042072914e-16
2.220446049250313081e-16
4.965068306494546235e-16
3.140184917367550333e-16
2.220446049250313081e-16
4.577566798522237452e-16
3.140184917367550333e-16
6.753223014464259476e-16
5.087681048627601209e-16
7.021666937153402450e-16
8.950904182623619234e-16
4.965068306494546235e-16
4.440892098500626162e-16
2.775557561562891351e-16
6.753223014464259476e-16
2.371437420133773559e-16
8.496108186436516548e-16
1.110223024625156540e-16
4.545902364027964547e-16
6.894341957538586312e-16
5.558049685633555805e-16
