3.229738786115112781e-01
2.517271127632457195e-01
1.792568411847340615e-01
1.055310730839670724e-01
3.070635685067349754e-02
9.992007221626408864e-16
2.237726045655904808e-15
1.834389489403321297e-15
1.200889812746016439e-15
4.965068306494546235e-16
2.482534153247273118e-16
1.132209773400735140e-15
1.110223024625156540e-15
1.998401444325281773e-15
1.620317160369746785e-15
8.082545620880530251e-16
6.753223014464259476e-16
7.108895957933346089e-16
1.115760330918745818e-15
0.000000000000000000e+00
4.577566798522237452e-16
1.336885555457667049e-15
2.220446049250313081e-16
1.635460640542900028e-15
7.021666937153402450e-16
